     1        0   0.000
     2    19129   0.010
     3    38064   0.020
     4    56999   0.030
     5    75934   0.040
     6    94869   0.050
     7   113804   0.060
     8   132739   0.070
     9   151674   0.080
    10   170609   0.090
    11   189544   0.100
    12   208479   0.110
    13   227414   0.120
    14   246349   0.130
    15   265284   0.140
    16   284219   0.150
    17   303154   0.160
    18   322089   0.170
    19   341024   0.180
    20   359959   0.190
    21   378894   0.200
    22   397829   0.210
    23   416764   0.220
    24   435699   0.230
    25   454634   0.240
    26   473569   0.250
    27   492504   0.260
    28   511439   0.270
    29   530374   0.280
    30   549309   0.290
    31   568244   0.300
    32   587179   0.310
