     1        0   270000   0.000
     2    19129   270988   0.010
     3    38064   272490   0.020
     4    56999   273430   0.030
     5    75934   274821   0.040
     6    94869   275721   0.050
     7   113804   277084   0.060
     8   132739   278038   0.070
     9   151674   279468   0.080
    10   170609   280363   0.090
    11   189544   281742   0.100
    12   208479   282698   0.110
    13   227414   284141   0.120
    14   246349   285043   0.130
    15   265284   286428   0.140
    16   284219   287427   0.150
    17   303154   288928   0.160
    18   322089   289842   0.170
    19   341024   291285   0.180
    20   359959   292321   0.190
    21   378894   293794   0.200
    22   397829   294706   0.210
    23   416764   296168   0.220
    24   435699   297243   0.230
    25   454634   298736   0.240
    26   473569   299628   0.250
    27   492504   301114   0.260
    28   511439   302173   0.270
    29   530374   303687   0.280
    30   549309   304591   0.290
    31   568244   306115   0.300
    32   587179   307182   0.310
