     1    14701     1896   0.001
     2    14701     3849   0.002
     3    14701     5810   0.003
     4    14701     7770   0.004
     5    14701     9664   0.005
     6    14701    11558   0.006
     7    14701    13452   0.007
     8    14701    15346   0.008
     9    14701    17240   0.009
    10    14701    19134   0.010
    11    14701    21028   0.011
    12    14701    22922   0.012
    13    14701    24816   0.013
    14    14701    26710   0.014
    15    14701    28604   0.015
    16    14701    30498   0.016
    17    14701    32392   0.017
    18    14701    34286   0.018
    19    14701    36180   0.019
    20    14701    38074   0.020
    21    14701    39968   0.021
    22    14701    41862   0.022
    23    14701    43756   0.023
    24    14701    45650   0.024
    25    14701    47544   0.025
    26    14701    49438   0.026
    27    14701    51332   0.027
    28    14701    53226   0.028
    29    14701    55120   0.029
    30    14701    57014   0.030
    31    14701    58908   0.031
    32    14701    60802   0.032
    33    14701    62696   0.033
    34    14701    64590   0.034
    35    14701    66484   0.035
    36    14701    68378   0.036
    37    14701    70272   0.037
    38    14701    72166   0.038
    39    14701    74060   0.039
    40    14701    75954   0.040
    41    14701    77848   0.041
    42    14701    79742   0.042
    43    14701    81636   0.043
    44    14701    83530   0.044
    45    14701    85424   0.045
    46    14701    87318   0.046
    47    14701    89212   0.047
    48    14701    91106   0.048
    49    14701    93000   0.049
    50    14701    94894   0.050
    51    14701    96788   0.051
    52    14701    98682   0.052
    53    14701   100576   0.053
    54    14701   102470   0.054
    55    14701   104364   0.055
    56    14701   106258   0.056
    57    14701   108152   0.057
    58    14701   110046   0.058
    59    14701   111940   0.059
    60    14701   113834   0.060
    61    14701   115728   0.061
    62    14701   117622   0.062
    63    14701   119516   0.063
    64    14701   121410   0.064
    65    14701   123304   0.065
    66    14701   125198   0.066
    67    14701   127092   0.067
    68    14701   128986   0.068
    69    14701   130880   0.069
    70    14701   132774   0.070
    71    14701   134668   0.071
    72    14701   136562   0.072
    73    14701   138456   0.073
    74    14701   140350   0.074
    75    14701   142244   0.075
    76    14701   144138   0.076
    77    14701   146032   0.077
    78    14701   147926   0.078
    79    14701   149820   0.079
    80    14701   151714   0.080
    81    14701   153608   0.081
    82    14701   155502   0.082
    83    14701   157396   0.083
    84    14701   159290   0.084
    85    14701   161184   0.085
    86    14701   163078   0.086
    87    14701   164972   0.087
    88    14701   166866   0.088
    89    14701   168760   0.089
    90    14701   170654   0.090
    91    14701   172548   0.091
    92    14701   174442   0.092
    93    14701   176336   0.093
    94    14701   178230   0.094
    95    14701   180124   0.095
    96    14701   182018   0.096
    97    14701   183912   0.097
    98    14701   185806   0.098
    99    14701   187700   0.099
   100    14701   189594   0.100
   101    14701   191488   0.101
   102    14701   193382   0.102
   103    14701   195276   0.103
   104    14701   197170   0.104
   105    14701   199064   0.105
   106    14701   200958   0.106
   107    14701   202852   0.107
   108    14701   204746   0.108
   109    14701   206640   0.109
   110    14701   208534   0.110
   111    14701   210428   0.111
   112    14701   212322   0.112
   113    14701   214216   0.113
   114    14701   216110   0.114
   115    14701   218004   0.115
   116    14701   219898   0.116
   117    14701   221792   0.117
   118    14701   223686   0.118
   119    14701   225580   0.119
   120    14701   227474   0.120
   121    14701   229368   0.121
   122    14701   231262   0.122
   123    14701   233156   0.123
   124    14701   235050   0.124
   125    14701   236944   0.125
   126    14701   238838   0.126
   127    14701   240732   0.127
   128    14701   242626   0.128
   129    14701   244520   0.129
   130    14701   246414   0.130
   131    14701   248308   0.131
   132    14701   250202   0.132
   133    14701   252096   0.133
   134    14701   253990   0.134
   135    14701   255884   0.135
   136    14701   257778   0.136
   137    14701   259672   0.137
   138    14701   261566   0.138
   139    14701   263460   0.139
   140    14701   265354   0.140
   141    14701   267248   0.141
   142    14701   269142   0.142
   143    14701   271036   0.143
   144    14701   272930   0.144
   145    14701   274824   0.145
   146    14701   276718   0.146
   147    14701   278612   0.147
   148    14701   280506   0.148
   149    14701   282400   0.149
   150    14701   284294   0.150
   151    14701   286188   0.151
   152    14701   288082   0.152
   153    14701   289976   0.153
   154    14701   291870   0.154
   155    14701   293764   0.155
   156    14701   295658   0.156
   157    14701   297552   0.157
   158    14701   299446   0.158
   159    14701   301340   0.159
   160    14701   303234   0.160
   161    14701   305128   0.161
   162    14701   307022   0.162
   163    14701   308916   0.163
   164    14701   310810   0.164
   165    14701   312704   0.165
   166    14701   314598   0.166
   167    14701   316492   0.167
   168    14701   318386   0.168
   169    14701   320280   0.169
   170    14701   322174   0.170
   171    14701   324068   0.171
   172    14701   325962   0.172
   173    14701   327856   0.173
   174    14701   329750   0.174
   175    14701   331644   0.175
   176    14701   333538   0.176
   177    14701   335432   0.177
   178    14701   337326   0.178
   179    14701   339220   0.179
   180    14701   341114   0.180
   181    14701   343008   0.181
   182    14701   344902   0.182
   183    14701   346796   0.183
   184    14701   348690   0.184
   185    14701   350584   0.185
   186    14701   352478   0.186
   187    14701   354372   0.187
   188    14701   356266   0.188
   189    14701   358160   0.189
   190    14701   360054   0.190
   191    14701   361948   0.191
   192    14701   363842   0.192
   193    14701   365736   0.193
   194    14701   367630   0.194
   195    14701   369524   0.195
   196    14701   371418   0.196
   197    14701   373312   0.197
   198    14701   375206   0.198
   199    14701   377100   0.199
   200    14701   378994   0.200
   201    14701   380888   0.201
   202    14701   382782   0.202
   203    14701   384676   0.203
   204    14701   386570   0.204
   205    14701   388464   0.205
   206    14701   390358   0.206
   207    14701   392252   0.207
   208    14701   394146   0.208
   209    14701   396040   0.209
   210    14701   397934   0.210
   211    14701   399828   0.211
   212    14701   401722   0.212
   213    14701   403616   0.213
   214    14701   405510   0.214
   215    14701   407404   0.215
   216    14701   409298   0.216
   217    14701   411192   0.217
   218    14701   413086   0.218
   219    14701   414980   0.219
   220    14701   416874   0.220
   221    14701   418768   0.221
   222    14701   420662   0.222
   223    14701   422556   0.223
   224    14701   424450   0.224
   225    14701   426344   0.225
   226    14701   428238   0.226
   227    14701   430132   0.227
   228    14701   432026   0.228
   229    14701   433920   0.229
   230    14701   435814   0.230
   231    14701   437708   0.231
   232    14701   439602   0.232
   233    14701   441496   0.233
   234    14701   443390   0.234
   235    14701   445284   0.235
   236    14701   447178   0.236
   237    14701   449072   0.237
   238    14701   450966   0.238
   239    14701   452860   0.239
   240    14701   454754   0.240
   241    14701   456648   0.241
   242    14701   458542   0.242
   243    14701   460436   0.243
   244    14701   462330   0.244
   245    14701   464224   0.245
   246    14701   466118   0.246
   247    14701   468012   0.247
   248    14701   469906   0.248
   249    14701   471800   0.249
   250    14701   473694   0.250
   251    14701   475588   0.251
   252    14701   477482   0.252
   253    14701   479376   0.253
   254    14701   481270   0.254
   255    14701   483164   0.255
   256    14701   485058   0.256
   257    14701   486952   0.257
   258    14701   488846   0.258
   259    14701   490740   0.259
   260    14701   492634   0.260
   261    14701   494528   0.261
   262    14701   496422   0.262
   263    14701   498316   0.263
   264    14701   500210   0.264
   265    14701   502104   0.265
   266    14701   503998   0.266
   267    14701   505892   0.267
   268    14701   507786   0.268
   269    14701   509680   0.269
   270    14701   511574   0.270
   271    14701   513468   0.271
   272    14701   515362   0.272
   273    14701   517256   0.273
   274    14701   519150   0.274
   275    14701   521044   0.275
   276    14701   522938   0.276
   277    14701   524832   0.277
   278    14701   526726   0.278
   279    14701   528620   0.279
   280    14701   530514   0.280
   281    14701   532408   0.281
   282    14701   534302   0.282
   283    14701   536196   0.283
   284    14701   538090   0.284
   285    14701   539984   0.285
   286    14701   541878   0.286
   287    14701   543772   0.287
   288    14701   545666   0.288
   289    14701   547560   0.289
   290    14701   549454   0.290
   291    14701   551348   0.291
   292    14701   553242   0.292
   293    14701   555136   0.293
   294    14701   557030   0.294
   295    14701   558924   0.295
   296    14701   560818   0.296
   297    14701   562712   0.297
   298    14701   564606   0.298
   299    14701   566500   0.299
   300    14701   568394   0.300
   301    14701   570288   0.301
   302    14701   572182   0.302
   303    14701   574076   0.303
   304    14701   575970   0.304
   305    14701   577864   0.305
   306    14701   579758   0.306
   307    14701   581652   0.307
   308    14701   583546   0.308
   309    14701   585440   0.309
   310    14701   587334   0.310
   311    14701   589228   0.311
