 0.000E+00 0.000E+00
 0.316E+12 0.621E+16
 0.631E+12 0.627E+16
 0.947E+12 0.629E+16
 0.126E+13 0.631E+16
 0.158E+13 0.632E+16
 0.189E+13 0.635E+16
 0.221E+13 0.636E+16
 0.252E+13 0.637E+16
 0.284E+13 0.638E+16
 0.316E+13 0.640E+16
 0.347E+13 0.641E+16
 0.379E+13 0.641E+16
 0.410E+13 0.642E+16
 0.442E+13 0.645E+16
 0.473E+13 0.645E+16
 0.505E+13 0.645E+16
 0.536E+13 0.646E+16
 0.568E+13 0.648E+16
 0.600E+13 0.649E+16
 0.631E+13 0.649E+16
 0.663E+13 0.649E+16
 0.694E+13 0.652E+16
 0.726E+13 0.652E+16
 0.757E+13 0.652E+16
 0.789E+13 0.653E+16
 0.821E+13 0.655E+16
 0.852E+13 0.655E+16
 0.884E+13 0.655E+16
 0.915E+13 0.656E+16
 0.947E+13 0.658E+16
 0.978E+13 0.658E+16
