      1000   0.001  0.696E+11 -0.222E+12
      2000   0.001  0.760E+11 -0.225E+12
      3000   0.002  0.580E+11 -0.171E+12
      4000   0.002 -0.702E+10 -0.954E+11
      5000   0.003 -0.220E+11 -0.677E+11
      6000   0.003 -0.135E+11 -0.702E+11
      7000   0.004 -0.189E+11 -0.672E+11
      8000   0.004 -0.132E+11 -0.557E+11
      9000   0.005 -0.724E+10 -0.919E+11
     10000   0.005 -0.948E+10 -0.852E+11
     11000   0.006 -0.200E+11 -0.464E+11
     12000   0.006 -0.166E+11 -0.485E+11
     13000   0.007 -0.134E+11 -0.501E+11
     14000   0.007 -0.158E+11 -0.485E+11
     15000   0.008 -0.160E+11 -0.470E+11
     16000   0.008 -0.881E+10 -0.613E+11
     17000   0.009 -0.387E+10 -0.110E+12
     18000   0.009 -0.146E+11 -0.626E+11
     19000   0.010 -0.203E+11 -0.387E+11
     20000   0.010 -0.143E+11 -0.447E+11
     21000   0.011 -0.148E+11 -0.456E+11
     22000   0.012 -0.176E+11 -0.391E+11
     23000   0.012 -0.826E+10 -0.530E+11
     24000   0.013 -0.391E+10 -0.101E+12
     25000   0.013 -0.404E+10 -0.945E+11
     26000   0.014 -0.181E+11 -0.486E+11
     27000   0.014 -0.173E+11 -0.423E+11
     28000   0.015 -0.134E+11 -0.465E+11
     29000   0.015 -0.165E+11 -0.455E+11
     30000   0.016 -0.181E+11 -0.393E+11
     31000   0.016 -0.835E+10 -0.562E+11
     32000   0.017 -0.117E+10 -0.114E+12
     33000   0.017 -0.822E+10 -0.759E+11
     34000   0.018 -0.209E+11 -0.414E+11
     35000   0.018 -0.138E+11 -0.444E+11
     36000   0.019 -0.135E+11 -0.482E+11
     37000   0.019 -0.171E+11 -0.426E+11
     38000   0.020 -0.177E+11 -0.396E+11
     39000   0.020 -0.443E+10 -0.850E+11
     40000   0.021  0.286E+10 -0.100E+12
     41000   0.022 -0.997E+10 -0.549E+11
     42000   0.022 -0.197E+11 -0.390E+11
     43000   0.023 -0.115E+11 -0.460E+11
     44000   0.023 -0.120E+11 -0.523E+11
     45000   0.024 -0.166E+11 -0.410E+11
     46000   0.024 -0.865E+10 -0.494E+11
     47000   0.025  0.200E+09 -0.108E+12
     48000   0.025 -0.175E+10 -0.730E+11
     49000   0.026 -0.165E+11 -0.399E+11
     50000   0.026 -0.137E+11 -0.376E+11
     51000   0.027 -0.100E+11 -0.518E+11
     52000   0.027 -0.141E+11 -0.476E+11
     53000   0.028 -0.184E+11 -0.340E+11
     54000   0.028 -0.570E+10 -0.665E+11
     55000   0.029  0.296E+10 -0.100E+12
     56000   0.029 -0.819E+10 -0.549E+11
     57000   0.030 -0.202E+11 -0.336E+11
     58000   0.031 -0.111E+11 -0.432E+11
     59000   0.031 -0.992E+10 -0.537E+11
     60000   0.032 -0.171E+11 -0.397E+11
     61000   0.032 -0.758E+10 -0.422E+11
     62000   0.033  0.112E+10 -0.957E+11
     63000   0.033  0.632E+09 -0.751E+11
     64000   0.034 -0.144E+11 -0.369E+11
     65000   0.034 -0.155E+11 -0.329E+11
     66000   0.035 -0.950E+10 -0.485E+11
     67000   0.035 -0.132E+11 -0.477E+11
     68000   0.036 -0.182E+11 -0.341E+11
     69000   0.036 -0.510E+10 -0.479E+11
     70000   0.037  0.253E+10 -0.966E+11
     71000   0.037 -0.734E+10 -0.518E+11
     72000   0.038 -0.199E+11 -0.286E+11
     73000   0.038 -0.114E+11 -0.370E+11
     74000   0.039 -0.816E+10 -0.499E+11
     75000   0.040 -0.157E+11 -0.404E+11
     76000   0.040 -0.432E+10 -0.420E+11
     77000   0.041  0.122E+10 -0.788E+11
     78000   0.041 -0.348E+10 -0.741E+11
     79000   0.042 -0.148E+11 -0.319E+11
     80000   0.042 -0.165E+11 -0.300E+11
     81000   0.043 -0.105E+11 -0.421E+11
     82000   0.043 -0.944E+10 -0.438E+11
     83000   0.044 -0.137E+11 -0.448E+11
     84000   0.044 -0.169E+10 -0.556E+11
     85000   0.045  0.152E+10 -0.879E+11
     86000   0.045 -0.978E+10 -0.493E+11
     87000   0.046 -0.203E+11 -0.286E+11
     88000   0.046 -0.129E+11 -0.325E+11
     89000   0.047 -0.111E+11 -0.403E+11
     90000   0.047 -0.105E+11 -0.467E+11
     91000   0.048 -0.114E+11 -0.456E+11
     92000   0.048  0.496E+09 -0.638E+11
     93000   0.049 -0.647E+10 -0.764E+11
     94000   0.050 -0.153E+11 -0.326E+11
     95000   0.050 -0.174E+11 -0.291E+11
     96000   0.051 -0.129E+11 -0.338E+11
     97000   0.051 -0.133E+11 -0.345E+11
     98000   0.052 -0.140E+11 -0.340E+11
     99000   0.052 -0.592E+10 -0.423E+11
    100000   0.053  0.120E+10 -0.902E+11
    101000   0.053 -0.634E+10 -0.590E+11
    102000   0.054 -0.195E+11 -0.281E+11
    103000   0.054 -0.143E+11 -0.269E+11
    104000   0.055 -0.122E+11 -0.355E+11
    105000   0.055 -0.140E+11 -0.304E+11
    106000   0.056 -0.178E+11 -0.261E+11
    107000   0.056 -0.478E+10 -0.509E+11
    108000   0.057  0.188E+10 -0.913E+11
    109000   0.057 -0.106E+11 -0.463E+11
    110000   0.058 -0.217E+11 -0.245E+11
    111000   0.059 -0.128E+11 -0.290E+11
    112000   0.059 -0.124E+11 -0.354E+11
    113000   0.060 -0.167E+11 -0.271E+11
    114000   0.060 -0.753E+10 -0.339E+11
    115000   0.061  0.213E+10 -0.978E+11
    116000   0.061  0.525E+10 -0.773E+11
    117000   0.062 -0.124E+11 -0.428E+11
    118000   0.062 -0.173E+11 -0.307E+11
    119000   0.063 -0.101E+11 -0.439E+11
    120000   0.063 -0.117E+11 -0.474E+11
    121000   0.064 -0.184E+11 -0.339E+11
    122000   0.064 -0.521E+10 -0.422E+11
    123000   0.065  0.329E+10 -0.100E+12
    124000   0.065 -0.436E+10 -0.589E+11
    125000   0.066 -0.178E+11 -0.386E+11
    126000   0.066 -0.112E+11 -0.411E+11
    127000   0.067 -0.113E+11 -0.538E+11
    128000   0.067 -0.173E+11 -0.387E+11
    129000   0.068 -0.531E+10 -0.389E+11
    130000   0.069  0.192E+10 -0.866E+11
    131000   0.069  0.185E+10 -0.796E+11
    132000   0.070 -0.129E+11 -0.427E+11
    133000   0.070 -0.158E+11 -0.379E+11
    134000   0.071 -0.883E+10 -0.494E+11
    135000   0.071 -0.965E+10 -0.509E+11
    136000   0.072 -0.187E+11 -0.418E+11
    137000   0.072 -0.455E+10 -0.449E+11
    138000   0.073  0.429E+10 -0.102E+12
    139000   0.073 -0.421E+10 -0.608E+11
    140000   0.074 -0.188E+11 -0.346E+11
    141000   0.074 -0.118E+11 -0.389E+11
    142000   0.075 -0.736E+10 -0.578E+11
    143000   0.075 -0.135E+11 -0.492E+11
    144000   0.076 -0.150E+11 -0.476E+11
    145000   0.076  0.233E+10 -0.751E+11
    146000   0.077 -0.173E+10 -0.870E+11
    147000   0.078 -0.123E+11 -0.422E+11
    148000   0.078 -0.182E+11 -0.391E+11
    149000   0.079 -0.104E+11 -0.519E+11
    150000   0.079 -0.721E+10 -0.584E+11
    151000   0.080 -0.124E+11 -0.640E+11
    152000   0.080 -0.168E+09 -0.595E+11
    153000   0.081 -0.886E+09 -0.856E+11
    154000   0.081 -0.102E+11 -0.516E+11
    155000   0.082 -0.184E+11 -0.352E+11
    156000   0.082 -0.122E+11 -0.451E+11
    157000   0.083 -0.943E+10 -0.564E+11
    158000   0.083 -0.932E+10 -0.621E+11
    159000   0.084 -0.108E+11 -0.612E+11
    160000   0.084  0.289E+10 -0.632E+11
    161000   0.085 -0.620E+10 -0.826E+11
    162000   0.085 -0.156E+11 -0.345E+11
    163000   0.086 -0.170E+11 -0.314E+11
    164000   0.087 -0.115E+11 -0.387E+11
    165000   0.087 -0.987E+10 -0.452E+11
    166000   0.088 -0.912E+10 -0.527E+11
    167000   0.088 -0.673E+09 -0.509E+11
    168000   0.089  0.235E+10 -0.795E+11
    169000   0.089 -0.864E+10 -0.585E+11
    170000   0.090 -0.198E+11 -0.271E+11
    171000   0.090 -0.145E+11 -0.265E+11
    172000   0.091 -0.126E+11 -0.345E+11
    173000   0.091 -0.125E+11 -0.319E+11
    174000   0.092 -0.120E+11 -0.351E+11
    175000   0.092 -0.247E+10 -0.367E+11
    176000   0.093  0.584E+09 -0.867E+11
    177000   0.093 -0.102E+11 -0.444E+11
    178000   0.094 -0.213E+11 -0.225E+11
    179000   0.094 -0.134E+11 -0.234E+11
    180000   0.095 -0.123E+11 -0.314E+11
    181000   0.095 -0.147E+11 -0.245E+11
    182000   0.096 -0.536E+10 -0.186E+11
    183000   0.097 -0.990E+09 -0.742E+11
    184000   0.097  0.782E+09 -0.702E+11
    185000   0.098 -0.155E+11 -0.318E+11
    186000   0.098 -0.183E+11 -0.159E+11
    187000   0.099 -0.120E+11 -0.248E+11
    188000   0.099 -0.118E+11 -0.276E+11
    189000   0.100 -0.178E+11 -0.192E+11
    190000   0.100 -0.655E+10 -0.207E+11
    191000   0.101  0.402E+10 -0.961E+11
    192000   0.101  0.328E+10 -0.578E+11
    193000   0.102 -0.157E+11 -0.297E+11
    194000   0.102 -0.130E+11 -0.238E+11
    195000   0.103 -0.102E+11 -0.377E+11
    196000   0.103 -0.129E+11 -0.346E+11
    197000   0.104 -0.192E+11 -0.232E+11
    198000   0.104 -0.246E+10 -0.557E+11
    199000   0.105  0.309E+09 -0.703E+11
    200000   0.106 -0.127E+11 -0.366E+11
    201000   0.106 -0.144E+11 -0.299E+11
    202000   0.107 -0.108E+11 -0.320E+11
    203000   0.107 -0.127E+11 -0.360E+11
    204000   0.108 -0.184E+11 -0.258E+11
    205000   0.108 -0.486E+10 -0.267E+11
    206000   0.109  0.268E+10 -0.865E+11
    207000   0.109 -0.214E+10 -0.525E+11
    208000   0.110 -0.169E+11 -0.326E+11
    209000   0.110 -0.115E+11 -0.324E+11
    210000   0.111 -0.739E+10 -0.467E+11
    211000   0.111 -0.115E+11 -0.430E+11
    212000   0.112 -0.161E+11 -0.356E+11
    213000   0.112  0.122E+10 -0.517E+11
    214000   0.113  0.167E+10 -0.806E+11
    215000   0.113 -0.109E+11 -0.342E+11
    216000   0.114 -0.139E+11 -0.312E+11
    217000   0.115 -0.877E+10 -0.424E+11
    218000   0.115 -0.465E+10 -0.562E+11
    219000   0.116 -0.117E+11 -0.513E+11
    220000   0.116  0.180E+10 -0.472E+11
    221000   0.117  0.210E+10 -0.744E+11
    222000   0.117 -0.582E+10 -0.474E+11
    223000   0.118 -0.122E+11 -0.345E+11
    224000   0.118 -0.100E+11 -0.437E+11
    225000   0.119 -0.454E+10 -0.525E+11
    226000   0.119 -0.434E+10 -0.559E+11
    227000   0.120 -0.116E+11 -0.513E+11
    228000   0.120  0.336E+10 -0.464E+11
    229000   0.121 -0.487E+10 -0.763E+11
    230000   0.121 -0.122E+11 -0.264E+11
    231000   0.122 -0.144E+11 -0.299E+11
    232000   0.122 -0.102E+11 -0.417E+11
    233000   0.123 -0.693E+10 -0.505E+11
    234000   0.123 -0.662E+10 -0.536E+11
    235000   0.124  0.249E+10 -0.568E+11
    236000   0.125  0.143E+10 -0.691E+11
    237000   0.125 -0.114E+11 -0.481E+11
    238000   0.126 -0.203E+11 -0.205E+11
    239000   0.126 -0.138E+11 -0.246E+11
    240000   0.127 -0.114E+11 -0.345E+11
    241000   0.127 -0.959E+10 -0.419E+11
    242000   0.128 -0.902E+10 -0.454E+11
    243000   0.128  0.197E+09 -0.482E+11
    244000   0.129 -0.471E+10 -0.769E+11
    245000   0.129 -0.148E+11 -0.329E+11
    246000   0.130 -0.210E+11 -0.190E+11
    247000   0.130 -0.125E+11 -0.206E+11
    248000   0.131 -0.120E+11 -0.260E+11
    249000   0.131 -0.117E+11 -0.275E+11
    250000   0.132 -0.107E+11 -0.302E+11
    251000   0.132  0.391E+09 -0.574E+11
    252000   0.133 -0.429E+10 -0.711E+11
    253000   0.134 -0.158E+11 -0.261E+11
    254000   0.134 -0.185E+11 -0.163E+11
    255000   0.135 -0.126E+11 -0.211E+11
    256000   0.135 -0.122E+11 -0.242E+11
    257000   0.136 -0.154E+11 -0.188E+11
    258000   0.136 -0.770E+10 -0.216E+11
    259000   0.137 -0.259E+09 -0.881E+11
    260000   0.137 -0.187E+10 -0.546E+11
    261000   0.138 -0.209E+11 -0.227E+11
    262000   0.138 -0.158E+11 -0.123E+11
    263000   0.139 -0.112E+11 -0.245E+11
    264000   0.139 -0.121E+11 -0.238E+11
    265000   0.140 -0.182E+11 -0.164E+11
    266000   0.140 -0.379E+10 -0.441E+11
    267000   0.141  0.318E+10 -0.903E+11
    268000   0.141 -0.651E+10 -0.485E+11
    269000   0.142 -0.163E+11 -0.334E+11
    270000   0.142 -0.119E+11 -0.280E+11
    271000   0.143 -0.747E+10 -0.460E+11
    272000   0.144 -0.135E+11 -0.365E+11
    273000   0.144 -0.620E+10 -0.239E+11
    274000   0.145 -0.158E+10 -0.783E+11
    275000   0.145 -0.470E+09 -0.584E+11
    276000   0.146 -0.163E+11 -0.417E+11
    277000   0.146 -0.123E+11 -0.334E+11
    278000   0.147 -0.741E+10 -0.421E+11
    279000   0.147 -0.732E+10 -0.490E+11
    280000   0.148 -0.179E+11 -0.324E+11
    281000   0.148 -0.262E+10 -0.311E+11
    282000   0.149  0.716E+09 -0.849E+11
    283000   0.149 -0.738E+10 -0.488E+11
    284000   0.150 -0.137E+11 -0.450E+11
    285000   0.150 -0.656E+10 -0.462E+11
    286000   0.151 -0.388E+10 -0.610E+11
    287000   0.151 -0.119E+11 -0.539E+11
    288000   0.152  0.101E+10 -0.440E+11
    289000   0.153  0.230E+10 -0.754E+11
    290000   0.153 -0.154E+10 -0.610E+11
    291000   0.154 -0.144E+11 -0.454E+11
    292000   0.154 -0.889E+10 -0.479E+11
    293000   0.155 -0.235E+10 -0.617E+11
    294000   0.155 -0.289E+10 -0.657E+11
    295000   0.156 -0.940E+10 -0.626E+11
    296000   0.156  0.572E+10 -0.564E+11
    297000   0.157  0.113E+08 -0.850E+11
    298000   0.157 -0.616E+10 -0.439E+11
    299000   0.158 -0.969E+10 -0.493E+11
    300000   0.158 -0.570E+10 -0.564E+11
    301000   0.159 -0.653E+09 -0.665E+11
    302000   0.159 -0.511E+10 -0.705E+11
    303000   0.160 -0.610E+10 -0.666E+11
    304000   0.160  0.712E+10 -0.740E+11
    305000   0.161 -0.618E+10 -0.653E+11
    306000   0.162 -0.118E+11 -0.419E+11
    307000   0.162 -0.820E+10 -0.495E+11
    308000   0.163 -0.401E+10 -0.589E+11
    309000   0.163 -0.275E+10 -0.656E+11
    310000   0.164 -0.532E+10 -0.665E+11
    311000   0.164  0.647E+10 -0.670E+11
    312000   0.165 -0.265E+10 -0.811E+11
    313000   0.165 -0.121E+11 -0.385E+11
    314000   0.166 -0.160E+11 -0.338E+11
    315000   0.166 -0.110E+11 -0.392E+11
    316000   0.167 -0.899E+10 -0.449E+11
    317000   0.167 -0.873E+10 -0.486E+11
    318000   0.168 -0.882E+10 -0.515E+11
    319000   0.168  0.166E+10 -0.599E+11
    320000   0.169 -0.113E+11 -0.773E+11
    321000   0.169 -0.193E+11 -0.270E+11
    322000   0.170 -0.165E+11 -0.265E+11
    323000   0.170 -0.121E+11 -0.281E+11
    324000   0.171 -0.123E+11 -0.310E+11
    325000   0.172 -0.120E+11 -0.323E+11
    326000   0.172 -0.353E+10 -0.323E+11
    327000   0.173 -0.112E+10 -0.860E+11
    328000   0.173 -0.510E+10 -0.624E+11
    329000   0.174 -0.209E+11 -0.283E+11
    330000   0.174 -0.160E+11 -0.212E+11
    331000   0.175 -0.118E+11 -0.305E+11
    332000   0.175 -0.124E+11 -0.300E+11
    333000   0.176 -0.159E+11 -0.252E+11
    334000   0.176 -0.507E+10 -0.255E+11
    335000   0.177 -0.332E+09 -0.989E+11
    336000   0.177 -0.750E+10 -0.492E+11
    337000   0.178 -0.227E+11 -0.230E+11
    338000   0.178 -0.141E+11 -0.200E+11
    339000   0.179 -0.101E+11 -0.310E+11
    340000   0.179 -0.128E+11 -0.274E+11
    341000   0.180 -0.489E+10 -0.201E+11
    342000   0.181  0.534E+09 -0.856E+11
    343000   0.181  0.492E+10 -0.831E+11
    344000   0.182 -0.112E+11 -0.534E+11
    345000   0.182 -0.125E+11 -0.356E+11
    346000   0.183 -0.958E+10 -0.408E+11
    347000   0.183 -0.702E+10 -0.567E+11
    348000   0.184 -0.165E+11 -0.375E+11
    349000   0.184 -0.711E+10 -0.246E+11
    350000   0.185 -0.811E+09 -0.900E+11
    351000   0.185 -0.398E+09 -0.616E+11
    352000   0.186 -0.143E+11 -0.553E+11
    353000   0.186 -0.984E+10 -0.452E+11
    354000   0.187 -0.439E+10 -0.610E+11
    355000   0.187 -0.886E+10 -0.623E+11
    356000   0.188 -0.142E+11 -0.435E+11
    357000   0.188  0.129E+10 -0.691E+11
    358000   0.189 -0.984E+09 -0.759E+11
    359000   0.189 -0.137E+11 -0.569E+11
    360000   0.190 -0.868E+10 -0.521E+11
    361000   0.191 -0.331E+10 -0.678E+11
    362000   0.191 -0.352E+10 -0.726E+11
    363000   0.192 -0.115E+11 -0.641E+11
    364000   0.192  0.542E+10 -0.603E+11
    365000   0.193  0.269E+10 -0.921E+11
    366000   0.193 -0.549E+10 -0.570E+11
    367000   0.194 -0.981E+10 -0.550E+11
    368000   0.194 -0.491E+10 -0.629E+11
    369000   0.195 -0.858E+08 -0.743E+11
    370000   0.195  0.325E+09 -0.824E+11
    371000   0.196 -0.410E+10 -0.814E+11
    372000   0.196  0.957E+10 -0.767E+11
    373000   0.197 -0.315E+10 -0.781E+11
    374000   0.197 -0.803E+10 -0.605E+11
    375000   0.198 -0.461E+10 -0.623E+11
    376000   0.198 -0.204E+08 -0.695E+11
    377000   0.199  0.121E+10 -0.764E+11
    378000   0.200 -0.286E+10 -0.815E+11
    379000   0.200  0.122E+11 -0.745E+11
    380000   0.201  0.866E+10 -0.934E+11
    381000   0.201 -0.459E+10 -0.565E+11
    382000   0.202 -0.101E+11 -0.469E+11
    383000   0.202 -0.691E+10 -0.516E+11
    384000   0.203 -0.394E+10 -0.604E+11
    385000   0.203 -0.257E+10 -0.676E+11
    386000   0.204 -0.252E+10 -0.728E+11
    387000   0.204  0.978E+10 -0.739E+11
    388000   0.205 -0.486E+10 -0.836E+11
    389000   0.205 -0.138E+11 -0.367E+11
    390000   0.206 -0.116E+11 -0.407E+11
    391000   0.206 -0.924E+10 -0.491E+11
    392000   0.207 -0.873E+10 -0.495E+11
    393000   0.207 -0.861E+10 -0.538E+11
    394000   0.208  0.217E+10 -0.539E+11
    395000   0.209 -0.133E+10 -0.795E+11
    396000   0.209 -0.138E+11 -0.620E+11
    397000   0.210 -0.223E+11 -0.296E+11
    398000   0.210 -0.145E+11 -0.287E+11
    399000   0.211 -0.123E+11 -0.330E+11
    400000   0.211 -0.122E+11 -0.342E+11
    401000   0.212 -0.118E+11 -0.365E+11
    402000   0.212 -0.330E+10 -0.360E+11
    403000   0.213 -0.258E+10 -0.949E+11
    404000   0.213 -0.973E+10 -0.498E+11
    405000   0.214 -0.225E+11 -0.268E+11
    406000   0.214 -0.141E+11 -0.253E+11
    407000   0.215 -0.115E+11 -0.340E+11
    408000   0.215 -0.137E+11 -0.310E+11
    409000   0.216 -0.163E+11 -0.262E+11
    410000   0.216 -0.247E+10 -0.689E+11
    411000   0.217 -0.952E+09 -0.885E+11
    412000   0.217 -0.149E+11 -0.406E+11
    413000   0.218 -0.202E+11 -0.195E+11
    414000   0.219 -0.124E+11 -0.265E+11
    415000   0.219 -0.964E+10 -0.327E+11
    416000   0.220 -0.143E+11 -0.273E+11
    417000   0.220 -0.511E+10 -0.240E+11
    418000   0.221  0.227E+10 -0.109E+12
    419000   0.221  0.393E+10 -0.723E+11
    420000   0.222 -0.153E+11 -0.527E+11
    421000   0.222 -0.116E+11 -0.350E+11
    422000   0.223 -0.591E+10 -0.524E+11
    423000   0.223 -0.560E+10 -0.613E+11
    424000   0.224 -0.175E+11 -0.363E+11
    425000   0.224 -0.277E+10 -0.496E+11
    426000   0.225  0.581E+09 -0.807E+11
    427000   0.225 -0.892E+10 -0.645E+11
    428000   0.226 -0.112E+11 -0.540E+11
    429000   0.226 -0.587E+10 -0.572E+11
    430000   0.227 -0.170E+10 -0.681E+11
    431000   0.228 -0.127E+11 -0.602E+11
    432000   0.228  0.265E+10 -0.505E+11
    433000   0.229  0.232E+10 -0.878E+11
    434000   0.229 -0.648E+10 -0.620E+11
    435000   0.230 -0.121E+11 -0.515E+11
    436000   0.230 -0.684E+10 -0.599E+11
    437000   0.231 -0.101E+10 -0.725E+11
    438000   0.231 -0.266E+10 -0.788E+11
    439000   0.232 -0.681E+10 -0.763E+11
    440000   0.232  0.726E+10 -0.641E+11
    441000   0.233 -0.216E+10 -0.848E+11
    442000   0.233 -0.720E+10 -0.587E+11
    443000   0.234 -0.446E+10 -0.622E+11
    444000   0.234  0.815E+09 -0.730E+11
    445000   0.235  0.220E+10 -0.836E+11
    446000   0.235 -0.113E+10 -0.897E+11
    447000   0.236  0.137E+11 -0.846E+11
    448000   0.236  0.107E+11 -0.945E+11
    449000   0.237 -0.223E+10 -0.608E+11
    450000   0.238 -0.664E+10 -0.591E+11
    451000   0.238 -0.316E+10 -0.658E+11
    452000   0.239  0.576E+09 -0.720E+11
    453000   0.239  0.190E+10 -0.785E+11
    454000   0.240  0.188E+10 -0.834E+11
    455000   0.240  0.167E+11 -0.842E+11
    456000   0.241  0.394E+10 -0.940E+11
    457000   0.241 -0.578E+10 -0.566E+11
    458000   0.242 -0.428E+10 -0.606E+11
    459000   0.242 -0.123E+10 -0.685E+11
    460000   0.243 -0.382E+09 -0.715E+11
    461000   0.243 -0.131E+09 -0.745E+11
    462000   0.244 -0.176E+09 -0.768E+11
    463000   0.244  0.126E+11 -0.861E+11
    464000   0.245 -0.495E+10 -0.736E+11
    465000   0.245 -0.151E+11 -0.363E+11
    466000   0.246 -0.919E+10 -0.419E+11
    467000   0.247 -0.857E+10 -0.499E+11
    468000   0.247 -0.826E+10 -0.516E+11
    469000   0.248 -0.851E+10 -0.531E+11
    470000   0.248  0.288E+10 -0.529E+11
    471000   0.249 -0.656E+10 -0.896E+11
    472000   0.249 -0.145E+11 -0.451E+11
    473000   0.250 -0.221E+11 -0.313E+11
    474000   0.250 -0.131E+11 -0.273E+11
    475000   0.251 -0.116E+11 -0.332E+11
    476000   0.251 -0.117E+11 -0.343E+11
    477000   0.252 -0.121E+11 -0.340E+11
    478000   0.252 -0.239E+10 -0.542E+11
    479000   0.253 -0.455E+10 -0.881E+11
    480000   0.253 -0.158E+11 -0.391E+11
    481000   0.254 -0.201E+11 -0.234E+11
    482000   0.254 -0.126E+11 -0.290E+11
    483000   0.255 -0.114E+11 -0.334E+11
    484000   0.256 -0.151E+11 -0.299E+11
    485000   0.256 -0.657E+10 -0.259E+11
    486000   0.257 -0.180E+10 -0.964E+11
    487000   0.257 -0.227E+10 -0.693E+11
    488000   0.258 -0.207E+11 -0.327E+11
    489000   0.258 -0.180E+11 -0.178E+11
    490000   0.259 -0.108E+11 -0.305E+11
    491000   0.259 -0.103E+11 -0.317E+11
    492000   0.260 -0.161E+11 -0.249E+11
    493000   0.260 -0.356E+10 -0.232E+11
    494000   0.261  0.322E+10 -0.112E+12
    495000   0.261 -0.319E+09 -0.680E+11
    496000   0.262 -0.145E+11 -0.487E+11
    497000   0.262 -0.988E+10 -0.391E+11
    498000   0.263 -0.340E+10 -0.622E+11
    499000   0.263 -0.485E+10 -0.643E+11
    500000   0.264 -0.142E+10 -0.449E+11
    501000   0.264 -0.738E+09 -0.759E+11
    502000   0.265 -0.887E+08 -0.647E+11
    503000   0.266 -0.132E+11 -0.637E+11
    504000   0.266 -0.697E+10 -0.580E+11
    505000   0.267 -0.223E+10 -0.686E+11
    506000   0.267 -0.565E+10 -0.736E+11
    507000   0.268 -0.949E+10 -0.692E+11
    508000   0.268  0.678E+10 -0.596E+11
    509000   0.269 -0.116E+10 -0.914E+11
    510000   0.269 -0.760E+10 -0.609E+11
    511000   0.270 -0.654E+10 -0.623E+11
    512000   0.270 -0.765E+08 -0.728E+11
    513000   0.271  0.958E+09 -0.807E+11
    514000   0.271 -0.223E+10 -0.861E+11
    515000   0.272 -0.349E+10 -0.829E+11
    516000   0.272  0.123E+11 -0.907E+11
    517000   0.273 -0.207E+10 -0.731E+11
    518000   0.273 -0.643E+10 -0.617E+11
    519000   0.274 -0.114E+10 -0.700E+11
    520000   0.275  0.225E+10 -0.793E+11
    521000   0.275  0.371E+10 -0.892E+11
    522000   0.276  0.382E+10 -0.975E+11
    523000   0.276  0.186E+11 -0.100E+12
    524000   0.277  0.928E+10 -0.106E+12
    525000   0.277 -0.115E+10 -0.763E+11
    526000   0.278 -0.102E+10 -0.706E+11
    527000   0.278  0.160E+10 -0.748E+11
    528000   0.279  0.371E+10 -0.810E+11
    529000   0.279  0.459E+10 -0.875E+11
    530000   0.280  0.459E+10 -0.932E+11
    531000   0.280  0.204E+11 -0.979E+11
    532000   0.281  0.181E+10 -0.922E+11
    533000   0.281 -0.109E+11 -0.444E+11
    534000   0.282 -0.596E+10 -0.498E+11
    535000   0.282 -0.463E+10 -0.578E+11
    536000   0.283 -0.385E+10 -0.623E+11
    537000   0.284 -0.365E+10 -0.660E+11
    538000   0.284  0.723E+10 -0.683E+11
    539000   0.285  0.397E+09 -0.918E+11
    540000   0.285 -0.112E+11 -0.510E+11
    541000   0.286 -0.135E+11 -0.462E+11
    542000   0.286 -0.878E+10 -0.517E+11
    543000   0.287 -0.852E+10 -0.535E+11
    544000   0.287 -0.873E+10 -0.571E+11
    545000   0.288 -0.931E+10 -0.574E+11
    546000   0.288  0.198E+10 -0.554E+11
    547000   0.289 -0.107E+11 -0.849E+11
    548000   0.289 -0.176E+11 -0.349E+11
    549000   0.290 -0.181E+11 -0.340E+11
    550000   0.290 -0.119E+11 -0.341E+11
    551000   0.291 -0.117E+11 -0.376E+11
    552000   0.291 -0.136E+11 -0.355E+11
    553000   0.292 -0.319E+10 -0.338E+11
    554000   0.292 -0.254E+10 -0.842E+11
    555000   0.293 -0.632E+10 -0.723E+11
    556000   0.294 -0.206E+11 -0.328E+11
    557000   0.294 -0.173E+11 -0.226E+11
    558000   0.295 -0.114E+11 -0.334E+11
    559000   0.295 -0.120E+11 -0.345E+11
    560000   0.296 -0.165E+11 -0.293E+11
    561000   0.296 -0.515E+10 -0.268E+11
    562000   0.297 -0.182E+10 -0.107E+12
    563000   0.297 -0.516E+10 -0.556E+11
    564000   0.298 -0.239E+11 -0.278E+11
    565000   0.298 -0.153E+11 -0.232E+11
    566000   0.299 -0.953E+10 -0.339E+11
    567000   0.299 -0.119E+11 -0.320E+11
    568000   0.300 -0.172E+11 -0.237E+11
    569000   0.300 -0.871E+09 -0.777E+11
    570000   0.301  0.459E+10 -0.975E+11
    571000   0.301 -0.841E+10 -0.684E+11
    572000   0.302 -0.137E+11 -0.454E+11
    573000   0.303 -0.983E+10 -0.492E+11
    574000   0.303 -0.307E+10 -0.663E+11
    575000   0.304 -0.125E+11 -0.558E+11
    576000   0.304  0.655E+09 -0.474E+11
    577000   0.305 -0.112E+10 -0.864E+11
    578000   0.305 -0.754E+10 -0.609E+11
    579000   0.306 -0.137E+11 -0.478E+11
    580000   0.306 -0.822E+10 -0.548E+11
    581000   0.307 -0.426E+10 -0.644E+11
    582000   0.307 -0.291E+10 -0.723E+11
    583000   0.308 -0.458E+10 -0.768E+11
    584000   0.308  0.758E+10 -0.839E+11
    585000   0.309 -0.421E+10 -0.813E+11
    586000   0.309 -0.645E+10 -0.777E+11
    587000   0.310  0.858E+08 -0.827E+11
    588000   0.310  0.157E+10 -0.883E+11
    589000   0.311  0.744E+09 -0.917E+11
